skin_array_s_1_sep_1: 4.009901492362263
skin_array_s_1_sep_2: 8.853291570056827
skin_array_s_1_sep_3: 17.917438840591
skin_array_s_1_sep_4: 24.09919221506161
skin_array_s_2_sep_1: 2.253669520048112
skin_array_s_2_sep_2: 4.271740251367089
skin_array_s_2_sep_3: 6.843849067979057
skin_array_s_2_sep_4: 6.738505782336315
skin_array_s_3_sep_1: 1.84247912577916
skin_array_s_3_sep_2: 2.778852651214135
skin_array_s_3_sep_3: 3.340931624248407
skin_array_s_3_sep_4: 4.272430423511402
skin_array_s_4_sep_1: 1.610869903600864
skin_array_s_4_sep_2: 1.93555657023457
skin_array_s_4_sep_3: 4.038440317101806
skin_array_s_4_sep_4: 5.136912349547428
